1.500000000000000000e+02
1.506666666666666572e+02
1.510000000000000000e+02
1.493333333333333144e+02
1.480000000000000000e+02
1.470000000000000000e+02
1.470000000000000000e+02
1.470000000000000000e+02
1.466666666666666572e+02
1.463333333333333144e+02
1.460000000000000000e+02
1.460000000000000000e+02
1.460000000000000000e+02
1.460000000000000000e+02
1.453333333333333144e+02
1.456666666666666572e+02
1.460000000000000000e+02
1.476666666666666572e+02
1.483333333333333144e+02
1.496666666666666572e+02
1.486666666666666572e+02
1.476666666666666572e+02
1.450000000000000000e+02
1.453333333333333144e+02
1.460000000000000000e+02
1.470000000000000000e+02
1.476666666666666572e+02
1.476666666666666572e+02
1.490000000000000000e+02
1.486666666666666572e+02
1.496666666666666572e+02
1.503333333333333144e+02
1.520000000000000000e+02
1.526666666666666572e+02
1.530000000000000000e+02
1.523333333333333144e+02
1.520000000000000000e+02
1.523333333333333144e+02
1.526666666666666572e+02
1.530000000000000000e+02
1.530000000000000000e+02
1.556666666666666572e+02
1.560000000000000000e+02
1.580000000000000000e+02
1.580000000000000000e+02
1.580000000000000000e+02
1.550000000000000000e+02
1.520000000000000000e+02
1.513333333333333144e+02
1.516666666666666572e+02
1.520000000000000000e+02
1.520000000000000000e+02
1.516666666666666572e+02
1.516666666666666572e+02
1.516666666666666572e+02
1.516666666666666572e+02
1.513333333333333144e+02
1.510000000000000000e+02
1.510000000000000000e+02
1.510000000000000000e+02
1.510000000000000000e+02
1.513333333333333144e+02
1.520000000000000000e+02
1.526666666666666572e+02
1.523333333333333144e+02
1.523333333333333144e+02
1.520000000000000000e+02
1.530000000000000000e+02
1.533333333333333144e+02
1.546666666666666572e+02
1.553333333333333144e+02
1.560000000000000000e+02
1.560000000000000000e+02
1.563333333333333144e+02
1.560000000000000000e+02
1.556666666666666572e+02
1.556666666666666572e+02
1.563333333333333144e+02
1.573333333333333144e+02
1.576666666666666572e+02
1.570000000000000000e+02
1.560000000000000000e+02
1.560000000000000000e+02
1.573333333333333144e+02
1.586666666666666572e+02
1.590000000000000000e+02
1.583333333333333144e+02
1.576666666666666572e+02
1.570000000000000000e+02
1.570000000000000000e+02
1.570000000000000000e+02
1.576666666666666572e+02
1.583333333333333144e+02
1.583333333333333144e+02
1.583333333333333144e+02
1.583333333333333144e+02
1.590000000000000000e+02
1.590000000000000000e+02
1.586666666666666572e+02
1.583333333333333144e+02
1.583333333333333144e+02
1.586666666666666572e+02
1.590000000000000000e+02
1.590000000000000000e+02
1.590000000000000000e+02
1.590000000000000000e+02
1.593333333333333144e+02
1.596666666666666572e+02
1.600000000000000000e+02
1.600000000000000000e+02
1.596666666666666572e+02
1.593333333333333144e+02
1.590000000000000000e+02
1.603333333333333144e+02
1.603333333333333144e+02
1.603333333333333144e+02
1.593333333333333144e+02
1.593333333333333144e+02
1.600000000000000000e+02
1.600000000000000000e+02
1.596666666666666572e+02
1.586666666666666572e+02
1.580000000000000000e+02
1.583333333333333144e+02
1.583333333333333144e+02
1.583333333333333144e+02
1.590000000000000000e+02
1.596666666666666572e+02
1.603333333333333144e+02
1.606666666666666572e+02
1.610000000000000000e+02
1.606666666666666572e+02
1.603333333333333144e+02
1.596666666666666572e+02
1.596666666666666572e+02
1.596666666666666572e+02
1.600000000000000000e+02
1.603333333333333144e+02
1.596666666666666572e+02
1.596666666666666572e+02
1.596666666666666572e+02
1.596666666666666572e+02
1.593333333333333144e+02
1.593333333333333144e+02
1.593333333333333144e+02
1.593333333333333144e+02
1.596666666666666572e+02
1.600000000000000000e+02
1.610000000000000000e+02
1.606666666666666572e+02
1.613333333333333144e+02
1.606666666666666572e+02
1.606666666666666572e+02
1.600000000000000000e+02
1.596666666666666572e+02
1.600000000000000000e+02
1.596666666666666572e+02
1.600000000000000000e+02
1.596666666666666572e+02
1.600000000000000000e+02
1.603333333333333144e+02
1.603333333333333144e+02
1.603333333333333144e+02
1.596666666666666572e+02
1.593333333333333144e+02
1.593333333333333144e+02
1.596666666666666572e+02
1.596666666666666572e+02
1.590000000000000000e+02
1.583333333333333144e+02
1.583333333333333144e+02
1.583333333333333144e+02
1.583333333333333144e+02
1.580000000000000000e+02
1.583333333333333144e+02
1.590000000000000000e+02
1.600000000000000000e+02
1.600000000000000000e+02
1.586666666666666572e+02
1.570000000000000000e+02
1.556666666666666572e+02
1.556666666666666572e+02
1.570000000000000000e+02
1.586666666666666572e+02
1.600000000000000000e+02
1.600000000000000000e+02
1.600000000000000000e+02
1.603333333333333144e+02
1.603333333333333144e+02
1.603333333333333144e+02
1.590000000000000000e+02
1.583333333333333144e+02
1.566666666666666572e+02
1.560000000000000000e+02
1.536666666666666572e+02
1.543333333333333144e+02
1.543333333333333144e+02
1.553333333333333144e+02
1.546666666666666572e+02
1.550000000000000000e+02
1.553333333333333144e+02
1.556666666666666572e+02
1.560000000000000000e+02
1.570000000000000000e+02
1.580000000000000000e+02
1.573333333333333144e+02
1.560000000000000000e+02
1.550000000000000000e+02
1.553333333333333144e+02
1.560000000000000000e+02
1.550000000000000000e+02
1.546666666666666572e+02
1.536666666666666572e+02
1.536666666666666572e+02
1.523333333333333144e+02
1.530000000000000000e+02
1.536666666666666572e+02
1.546666666666666572e+02
1.543333333333333144e+02
1.520000000000000000e+02
1.513333333333333144e+02
1.496666666666666572e+02
1.493333333333333144e+02
1.506666666666666572e+02
1.520000000000000000e+02
1.546666666666666572e+02
1.533333333333333144e+02
1.520000000000000000e+02
1.493333333333333144e+02
1.483333333333333144e+02
1.476666666666666572e+02
1.480000000000000000e+02
1.470000000000000000e+02
1.473333333333333144e+02
1.473333333333333144e+02
1.476666666666666572e+02
1.470000000000000000e+02
1.473333333333333144e+02
1.486666666666666572e+02
1.490000000000000000e+02
1.480000000000000000e+02
1.466666666666666572e+02
1.466666666666666572e+02
1.466666666666666572e+02
1.473333333333333144e+02
1.466666666666666572e+02
1.456666666666666572e+02
1.436666666666666572e+02
1.430000000000000000e+02
1.430000000000000000e+02
1.433333333333333144e+02
1.436666666666666572e+02
1.440000000000000000e+02
1.440000000000000000e+02
1.440000000000000000e+02
1.440000000000000000e+02
1.450000000000000000e+02
1.463333333333333144e+02
1.463333333333333144e+02
1.463333333333333144e+02
1.460000000000000000e+02
1.460000000000000000e+02
1.460000000000000000e+02
1.453333333333333144e+02
1.460000000000000000e+02
1.443333333333333144e+02
1.430000000000000000e+02
1.426666666666666572e+02
1.443333333333333144e+02
1.463333333333333144e+02
1.470000000000000000e+02
1.450000000000000000e+02
1.433333333333333144e+02
1.430000000000000000e+02
1.446666666666666572e+02
1.460000000000000000e+02
1.456666666666666572e+02
1.453333333333333144e+02
1.446666666666666572e+02
1.443333333333333144e+02
1.420000000000000000e+02
1.416666666666666572e+02
1.420000000000000000e+02
1.440000000000000000e+02
1.446666666666666572e+02
1.423333333333333144e+02
1.413333333333333144e+02
1.406666666666666572e+02
1.416666666666666572e+02
1.413333333333333144e+02
1.413333333333333144e+02
1.420000000000000000e+02
1.430000000000000000e+02
1.426666666666666572e+02
1.433333333333333144e+02
1.410000000000000000e+02
1.400000000000000000e+02
1.393333333333333144e+02
1.393333333333333144e+02
1.383333333333333144e+02
1.360000000000000000e+02
1.360000000000000000e+02
1.360000000000000000e+02
1.373333333333333144e+02
1.383333333333333144e+02
1.393333333333333144e+02
1.390000000000000000e+02
1.390000000000000000e+02
1.373333333333333144e+02
1.360000000000000000e+02
1.346666666666666572e+02
1.350000000000000000e+02
1.350000000000000000e+02
1.343333333333333144e+02
1.336666666666666572e+02
1.330000000000000000e+02
1.340000000000000000e+02
1.343333333333333144e+02
1.343333333333333144e+02
1.336666666666666572e+02
1.346666666666666572e+02
1.360000000000000000e+02
1.366666666666666572e+02
1.353333333333333144e+02
1.340000000000000000e+02
1.323333333333333144e+02
1.316666666666666572e+02
1.310000000000000000e+02
1.310000000000000000e+02
1.310000000000000000e+02
1.310000000000000000e+02
1.310000000000000000e+02
1.310000000000000000e+02
1.313333333333333144e+02
1.316666666666666572e+02
1.320000000000000000e+02
1.316666666666666572e+02
1.313333333333333144e+02
1.313333333333333144e+02
1.316666666666666572e+02
1.320000000000000000e+02
1.320000000000000000e+02
1.316666666666666572e+02
1.346666666666666572e+02
1.356666666666666572e+02
1.390000000000000000e+02
1.390000000000000000e+02
1.410000000000000000e+02
1.370000000000000000e+02
1.326666666666666572e+02
1.300000000000000000e+02
1.293333333333333144e+02
1.286666666666666572e+02
1.256666666666666572e+02
1.246666666666666572e+02
1.263333333333333144e+02
1.256666666666666572e+02
1.250000000000000000e+02
1.223333333333333286e+02
1.226666666666666572e+02
1.230000000000000000e+02
1.230000000000000000e+02
1.230000000000000000e+02
1.270000000000000000e+02
1.310000000000000000e+02
1.346666666666666572e+02
1.306666666666666572e+02
1.266666666666666572e+02
1.230000000000000000e+02
1.230000000000000000e+02
1.230000000000000000e+02
1.230000000000000000e+02
1.230000000000000000e+02
1.230000000000000000e+02
1.230000000000000000e+02
1.230000000000000000e+02
1.230000000000000000e+02
1.266666666666666572e+02
1.300000000000000000e+02
1.300000000000000000e+02
1.303333333333333144e+02
1.303333333333333144e+02
1.343333333333333144e+02
1.303333333333333144e+02
1.270000000000000000e+02
1.230000000000000000e+02
1.230000000000000000e+02
1.230000000000000000e+02
1.230000000000000000e+02
1.230000000000000000e+02
1.253333333333333286e+02
1.253333333333333286e+02
1.256666666666666572e+02
1.236666666666666572e+02
1.243333333333333144e+02
1.246666666666666572e+02
1.286666666666666572e+02
1.283333333333333144e+02
1.279999999999999858e+02
1.236666666666666572e+02
1.270000000000000000e+02
1.300000000000000000e+02
1.333333333333333144e+02
1.316666666666666572e+02
1.303333333333333144e+02
1.303333333333333144e+02
1.300000000000000000e+02
1.313333333333333144e+02
1.306666666666666572e+02
1.316666666666666572e+02
1.276666666666666572e+02
1.246666666666666572e+02
1.216666666666666572e+02
1.226666666666666572e+02
1.263333333333333286e+02
1.300000000000000000e+02
1.323333333333333144e+02
1.323333333333333144e+02
1.323333333333333144e+02
1.330000000000000000e+02
1.330000000000000000e+02
1.330000000000000000e+02
1.300000000000000000e+02
1.269999999999999858e+02
1.259999999999999858e+02
1.293333333333333144e+02
1.326666666666666572e+02
1.326666666666666572e+02
1.313333333333333144e+02
1.300000000000000000e+02
1.300000000000000000e+02
1.300000000000000000e+02
1.300000000000000000e+02
1.300000000000000000e+02
1.300000000000000000e+02
1.300000000000000000e+02
1.300000000000000000e+02
1.300000000000000000e+02
1.276666666666666572e+02
1.253333333333333286e+02
1.230000000000000000e+02
1.253333333333333286e+02
1.276666666666666572e+02
1.300000000000000000e+02
1.296666666666666572e+02
1.296666666666666572e+02
1.293333333333333144e+02
1.296666666666666572e+02
1.283333333333333144e+02
1.270000000000000000e+02
1.266666666666666572e+02
1.256666666666666572e+02
1.253333333333333286e+02
1.233333333333333286e+02
1.230000000000000000e+02
1.249999999999999858e+02
1.273333333333333286e+02
1.300000000000000000e+02
1.296666666666666572e+02
1.293333333333333144e+02
1.290000000000000000e+02
1.286666666666666572e+02
1.283333333333333144e+02
1.280000000000000000e+02
1.280000000000000000e+02
1.280000000000000000e+02
1.280000000000000000e+02
1.280000000000000000e+02
1.283333333333333144e+02
1.286666666666666572e+02
1.296666666666666572e+02
1.303333333333333144e+02
1.306666666666666572e+02
1.303333333333333144e+02
1.276666666666666572e+02
1.256666666666666572e+02
1.246666666666666572e+02
1.256666666666666572e+02
1.273333333333333286e+02
1.276666666666666572e+02
1.283333333333333144e+02
1.280000000000000000e+02
1.283333333333333144e+02
1.286666666666666572e+02
1.290000000000000000e+02
1.290000000000000000e+02
1.290000000000000000e+02
1.286666666666666572e+02
1.286666666666666572e+02
1.286666666666666572e+02
1.290000000000000000e+02
1.290000000000000000e+02
1.290000000000000000e+02
1.276666666666666572e+02
1.263333333333333144e+02
1.250000000000000000e+02
1.243333333333333286e+02
1.239999999999999858e+02
1.236666666666666572e+02
1.236666666666666572e+02
1.233333333333333286e+02
1.230000000000000000e+02
1.233333333333333286e+02
1.233333333333333286e+02
1.240000000000000000e+02
1.239999999999999858e+02
1.240000000000000000e+02
1.266666666666666572e+02
1.296666666666666572e+02
1.320000000000000000e+02
1.310000000000000000e+02
1.279999999999999858e+02
1.273333333333333144e+02
1.280000000000000000e+02
1.296666666666666572e+02
1.280000000000000000e+02
1.250000000000000000e+02
1.230000000000000000e+02
1.230000000000000000e+02
1.230000000000000000e+02
1.233333333333333286e+02
1.236666666666666572e+02
1.239999999999999858e+02
1.239999999999999858e+02
1.239999999999999858e+02
1.239999999999999858e+02
1.256666666666666572e+02
1.256666666666666572e+02
1.256666666666666572e+02
1.239999999999999858e+02
1.243333333333333144e+02
1.243333333333333286e+02
1.243333333333333286e+02
1.239999999999999858e+02
1.239999999999999858e+02
1.236666666666666572e+02
1.233333333333333286e+02
1.230000000000000000e+02
1.230000000000000000e+02
1.233333333333333286e+02
1.236666666666666572e+02
1.236666666666666572e+02
1.233333333333333286e+02
1.230000000000000000e+02
1.230000000000000000e+02
1.233333333333333286e+02
1.233333333333333286e+02
1.270000000000000000e+02
1.266666666666666572e+02
1.303333333333333144e+02
1.266666666666666572e+02
1.266666666666666572e+02
1.230000000000000000e+02
1.230000000000000000e+02
1.230000000000000000e+02
1.230000000000000000e+02
1.230000000000000000e+02
1.230000000000000000e+02
1.230000000000000000e+02
1.230000000000000000e+02
1.230000000000000000e+02
1.230000000000000000e+02
1.230000000000000000e+02
1.250000000000000000e+02
1.250000000000000000e+02
1.250000000000000000e+02
1.246666666666666572e+02
1.243333333333333144e+02
1.236666666666666572e+02
1.216666666666666572e+02
1.216666666666666572e+02
1.216666666666666572e+02
1.233333333333333286e+02
1.229999999999999858e+02
1.229999999999999858e+02
1.206666666666666572e+02
1.226666666666666572e+02
1.223333333333333286e+02
1.263333333333333286e+02
1.280000000000000000e+02
1.316666666666666572e+02
1.279999999999999858e+02
1.266666666666666572e+02
1.266666666666666572e+02
1.270000000000000000e+02
1.246666666666666572e+02
1.230000000000000000e+02
1.246666666666666572e+02
1.243333333333333286e+02
1.240000000000000000e+02
1.233333333333333144e+02
1.253333333333333286e+02
1.256666666666666572e+02
1.260000000000000000e+02
1.256666666666666572e+02
1.253333333333333144e+02
1.250000000000000000e+02
1.233333333333333286e+02
1.216666666666666572e+02
1.200000000000000000e+02
1.200000000000000000e+02
1.193333333333333286e+02
1.186666666666666572e+02
1.179999999999999858e+02
1.179999999999999858e+02
1.179999999999999858e+02
1.179999999999999858e+02
1.186666666666666572e+02
1.186666666666666572e+02
1.186666666666666572e+02
1.179999999999999858e+02
1.176666666666666572e+02
1.173333333333333286e+02
1.210000000000000000e+02
1.210000000000000000e+02
1.253333333333333286e+02
1.213333333333333286e+02
1.216666666666666572e+02
1.176666666666666572e+02
1.223333333333333144e+02
1.223333333333333286e+02
1.226666666666666572e+02
1.203333333333333286e+02
1.230000000000000000e+02
1.253333333333333286e+02
1.260000000000000000e+02
1.240000000000000000e+02
1.220000000000000000e+02
1.210000000000000000e+02
1.216666666666666572e+02
1.233333333333333144e+02
1.236666666666666572e+02
1.240000000000000000e+02
1.243333333333333286e+02
1.240000000000000000e+02
1.253333333333333286e+02
1.270000000000000000e+02
1.283333333333333144e+02
1.310000000000000000e+02
1.310000000000000000e+02
1.310000000000000000e+02
1.283333333333333144e+02
1.269999999999999858e+02
1.269999999999999858e+02
1.256666666666666572e+02
1.243333333333333286e+02
1.216666666666666572e+02
1.223333333333333144e+02
1.230000000000000000e+02
1.246666666666666572e+02
1.253333333333333286e+02
1.259999999999999858e+02
1.269999999999999858e+02
1.259999999999999858e+02
1.246666666666666572e+02
1.233333333333333286e+02
1.230000000000000000e+02
1.233333333333333286e+02
1.233333333333333286e+02
1.220000000000000000e+02
1.216666666666666572e+02
1.216666666666666572e+02
1.230000000000000000e+02
1.233333333333333286e+02
1.226666666666666572e+02
1.226666666666666572e+02
1.236666666666666572e+02
1.243333333333333286e+02
1.250000000000000000e+02
1.269999999999999858e+02
1.276666666666666572e+02
1.276666666666666572e+02
1.253333333333333286e+02
1.236666666666666572e+02
1.236666666666666572e+02
1.239999999999999858e+02
1.256666666666666572e+02
1.260000000000000000e+02
1.263333333333333144e+02
1.263333333333333144e+02
1.260000000000000000e+02
1.253333333333333286e+02
1.256666666666666572e+02
1.260000000000000000e+02
1.263333333333333286e+02
1.266666666666666572e+02
1.269999999999999858e+02
1.266666666666666572e+02
1.263333333333333286e+02
1.256666666666666572e+02
1.256666666666666572e+02
1.263333333333333144e+02
1.273333333333333144e+02
1.270000000000000000e+02
1.236666666666666572e+02
1.206666666666666572e+02
1.206666666666666572e+02
1.230000000000000000e+02
1.253333333333333286e+02
1.253333333333333144e+02
1.253333333333333144e+02
1.250000000000000000e+02
1.253333333333333286e+02
1.256666666666666572e+02
1.256666666666666572e+02
1.253333333333333144e+02
1.253333333333333286e+02
1.259999999999999858e+02
1.266666666666666572e+02
1.266666666666666572e+02
1.263333333333333286e+02
1.260000000000000000e+02
1.260000000000000000e+02
1.266666666666666572e+02
1.269999999999999858e+02
1.273333333333333286e+02
1.263333333333333144e+02
1.253333333333333286e+02
1.243333333333333286e+02
1.239999999999999858e+02
1.239999999999999858e+02
1.236666666666666572e+02
1.233333333333333286e+02
1.226666666666666572e+02
1.219999999999999858e+02
1.216666666666666572e+02
1.216666666666666572e+02
1.223333333333333286e+02
1.219999999999999858e+02
1.220000000000000000e+02
1.220000000000000000e+02
1.226666666666666572e+02
1.230000000000000000e+02
1.226666666666666572e+02
1.226666666666666572e+02
1.226666666666666572e+02
1.226666666666666572e+02
1.226666666666666572e+02
1.229999999999999858e+02
1.236666666666666572e+02
1.236666666666666572e+02
1.233333333333333286e+02
1.230000000000000000e+02
1.230000000000000000e+02
1.230000000000000000e+02
1.230000000000000000e+02
1.230000000000000000e+02
1.230000000000000000e+02
1.226666666666666572e+02
1.223333333333333144e+02
1.216666666666666572e+02
1.213333333333333286e+02
1.213333333333333144e+02
1.213333333333333286e+02
1.210000000000000000e+02
1.200000000000000000e+02
1.186666666666666572e+02
1.176666666666666572e+02
1.163333333333333286e+02
1.160000000000000000e+02
1.156666666666666572e+02
1.163333333333333286e+02
1.199999999999999858e+02
1.210000000000000000e+02
1.210000000000000000e+02
1.179999999999999858e+02
1.180000000000000000e+02
1.190000000000000000e+02
1.183333333333333144e+02
1.203333333333333144e+02
1.206666666666666572e+02
1.226666666666666572e+02
1.263333333333333286e+02
1.300000000000000000e+02
1.343333333333333144e+02
1.323333333333333144e+02
1.336666666666666572e+02
1.356666666666666572e+02
1.396666666666666572e+02
1.393333333333333144e+02
1.360000000000000000e+02
1.340000000000000000e+02
1.316666666666666572e+02
1.290000000000000000e+02
1.259999999999999858e+02
1.253333333333333286e+02
1.256666666666666572e+02
1.243333333333333286e+02
1.246666666666666572e+02
1.256666666666666572e+02
1.259999999999999858e+02
1.249999999999999858e+02
1.263333333333333144e+02
1.266666666666666572e+02
1.270000000000000000e+02
1.243333333333333286e+02
1.266666666666666572e+02
1.276666666666666572e+02
1.286666666666666572e+02
1.269999999999999858e+02
1.320000000000000000e+02
1.380000000000000000e+02
1.443333333333333144e+02
1.456666666666666572e+02
1.450000000000000000e+02
1.446666666666666572e+02
1.433333333333333144e+02
1.433333333333333144e+02
1.423333333333333144e+02
1.420000000000000000e+02
1.426666666666666572e+02
1.396666666666666572e+02
1.406666666666666572e+02
1.406666666666666572e+02
1.413333333333333144e+02
1.413333333333333144e+02
1.393333333333333144e+02
1.446666666666666572e+02
1.416666666666666572e+02
1.456666666666666572e+02
1.413333333333333144e+02
1.416666666666666572e+02
1.390000000000000000e+02
1.386666666666666572e+02
1.390000000000000000e+02
1.380000000000000000e+02
1.396666666666666572e+02
1.393333333333333144e+02
1.406666666666666572e+02
1.410000000000000000e+02
1.433333333333333144e+02
1.433333333333333144e+02
1.416666666666666572e+02
1.400000000000000000e+02
1.380000000000000000e+02
1.380000000000000000e+02
1.383333333333333144e+02
1.393333333333333144e+02
1.416666666666666572e+02
1.436666666666666572e+02
1.456666666666666572e+02
1.463333333333333144e+02
1.460000000000000000e+02
1.456666666666666572e+02
1.450000000000000000e+02
1.450000000000000000e+02
1.450000000000000000e+02
1.450000000000000000e+02
1.450000000000000000e+02
1.453333333333333144e+02
1.456666666666666572e+02
1.456666666666666572e+02
1.433333333333333144e+02
1.410000000000000000e+02
1.403333333333333144e+02
1.403333333333333144e+02
1.400000000000000000e+02
1.383333333333333144e+02
1.383333333333333144e+02
1.383333333333333144e+02
1.383333333333333144e+02
1.380000000000000000e+02
1.380000000000000000e+02
1.383333333333333144e+02
1.393333333333333144e+02
1.396666666666666572e+02
1.396666666666666572e+02
1.390000000000000000e+02
1.390000000000000000e+02
1.383333333333333144e+02
1.380000000000000000e+02
1.373333333333333144e+02
1.363333333333333144e+02
1.356666666666666572e+02
1.360000000000000000e+02
1.373333333333333144e+02
1.376666666666666572e+02
1.370000000000000000e+02
1.366666666666666572e+02
1.370000000000000000e+02
1.373333333333333144e+02
1.373333333333333144e+02
1.366666666666666572e+02
1.366666666666666572e+02
1.363333333333333144e+02
1.370000000000000000e+02
1.370000000000000000e+02
1.376666666666666572e+02
1.373333333333333144e+02
1.376666666666666572e+02
1.380000000000000000e+02
1.383333333333333144e+02
1.380000000000000000e+02
1.373333333333333144e+02
1.373333333333333144e+02
1.376666666666666572e+02
1.380000000000000000e+02
1.380000000000000000e+02
1.380000000000000000e+02
1.380000000000000000e+02
1.380000000000000000e+02
1.380000000000000000e+02
1.380000000000000000e+02
1.380000000000000000e+02
1.376666666666666572e+02
1.366666666666666572e+02
1.356666666666666572e+02
1.353333333333333144e+02
1.353333333333333144e+02
1.350000000000000000e+02
1.343333333333333144e+02
1.336666666666666572e+02
1.326666666666666572e+02
1.323333333333333144e+02
1.316666666666666572e+02
1.330000000000000000e+02
1.333333333333333144e+02
1.343333333333333144e+02
1.336666666666666572e+02
1.333333333333333144e+02
1.326666666666666572e+02
1.323333333333333144e+02
1.323333333333333144e+02
1.326666666666666572e+02
1.326666666666666572e+02
1.330000000000000000e+02
1.333333333333333144e+02
1.350000000000000000e+02
1.356666666666666572e+02
1.366666666666666572e+02
1.376666666666666572e+02
1.396666666666666572e+02
1.400000000000000000e+02
1.393333333333333144e+02
1.380000000000000000e+02
1.380000000000000000e+02
1.376666666666666572e+02
1.373333333333333144e+02
1.373333333333333144e+02
1.376666666666666572e+02
1.380000000000000000e+02
1.380000000000000000e+02
1.380000000000000000e+02
1.380000000000000000e+02
1.380000000000000000e+02
1.380000000000000000e+02
1.376666666666666572e+02
1.373333333333333144e+02
1.370000000000000000e+02
1.366666666666666572e+02
1.360000000000000000e+02
1.360000000000000000e+02
1.396666666666666572e+02
1.406666666666666572e+02
1.423333333333333144e+02
1.390000000000000000e+02
1.390000000000000000e+02
1.376666666666666572e+02
1.380000000000000000e+02
1.380000000000000000e+02
1.380000000000000000e+02
1.403333333333333144e+02
1.403333333333333144e+02
1.400000000000000000e+02
1.383333333333333144e+02
1.386666666666666572e+02
1.390000000000000000e+02
1.383333333333333144e+02
1.403333333333333144e+02
1.423333333333333144e+02
1.416666666666666572e+02
1.390000000000000000e+02
1.363333333333333144e+02
1.386666666666666572e+02
1.396666666666666572e+02
1.396666666666666572e+02
1.366666666666666572e+02
1.363333333333333144e+02
1.350000000000000000e+02
1.333333333333333144e+02
1.296666666666666572e+02
1.283333333333333144e+02
1.266666666666666572e+02
1.256666666666666572e+02
1.233333333333333286e+02
1.253333333333333286e+02
1.269999999999999858e+02
1.293333333333333144e+02
1.286666666666666572e+02
1.283333333333333144e+02
1.283333333333333144e+02
1.283333333333333144e+02
1.276666666666666572e+02
1.266666666666666572e+02
1.276666666666666572e+02
1.296666666666666572e+02
1.336666666666666572e+02
1.363333333333333144e+02
1.356666666666666572e+02
1.333333333333333144e+02
1.300000000000000000e+02
1.336666666666666572e+02
1.333333333333333144e+02
1.366666666666666572e+02
1.356666666666666572e+02
1.366666666666666572e+02
1.380000000000000000e+02
1.393333333333333144e+02
1.430000000000000000e+02
1.430000000000000000e+02
1.393333333333333144e+02
1.390000000000000000e+02
1.390000000000000000e+02
1.426666666666666572e+02
1.430000000000000000e+02
1.426666666666666572e+02
1.426666666666666572e+02
1.413333333333333144e+02
1.403333333333333144e+02
1.390000000000000000e+02
1.370000000000000000e+02
1.366666666666666572e+02
1.373333333333333144e+02
1.393333333333333144e+02
1.400000000000000000e+02
1.410000000000000000e+02
1.416666666666666572e+02
1.390000000000000000e+02
1.386666666666666572e+02
1.333333333333333144e+02
1.363333333333333144e+02
1.363333333333333144e+02
1.396666666666666572e+02
1.370000000000000000e+02
1.370000000000000000e+02
1.393333333333333144e+02
1.426666666666666572e+02
1.416666666666666572e+02
1.416666666666666572e+02
1.410000000000000000e+02
1.416666666666666572e+02
1.416666666666666572e+02
1.416666666666666572e+02
1.406666666666666572e+02
1.390000000000000000e+02
1.373333333333333144e+02
1.353333333333333144e+02
1.350000000000000000e+02
1.333333333333333144e+02
1.330000000000000000e+02
1.320000000000000000e+02
1.340000000000000000e+02
1.346666666666666572e+02
1.350000000000000000e+02
1.333333333333333144e+02
1.263333333333333144e+02
1.209999999999999858e+02
1.116666666666666572e+02
1.090000000000000000e+02
1.049999999999999858e+02
1.086666666666666572e+02
1.099999999999999858e+02
1.136666666666666572e+02
1.113333333333333286e+02
1.113333333333333286e+02
1.086666666666666572e+02
1.146666666666666572e+02
1.146666666666666572e+02
1.190000000000000000e+02
1.180000000000000000e+02
1.223333333333333144e+02
1.223333333333333144e+02
1.223333333333333286e+02
1.236666666666666572e+02
1.250000000000000000e+02
1.260000000000000000e+02
1.260000000000000000e+02
1.263333333333333286e+02
1.266666666666666572e+02
1.290000000000000000e+02
1.276666666666666572e+02
1.290000000000000000e+02
1.290000000000000000e+02
