1.550000000000000000e+02
1.540000000000000000e+02
1.513333333333333144e+02
1.503333333333333144e+02
1.493333333333333144e+02
1.480000000000000000e+02
1.480000000000000000e+02
1.483333333333333144e+02
1.493333333333333144e+02
1.503333333333333144e+02
1.506666666666666572e+02
1.503333333333333144e+02
1.503333333333333144e+02
1.506666666666666572e+02
1.513333333333333144e+02
1.536666666666666572e+02
1.560000000000000000e+02
1.553333333333333144e+02
1.523333333333333144e+02
1.493333333333333144e+02
1.500000000000000000e+02
1.510000000000000000e+02
1.523333333333333144e+02
1.516666666666666572e+02
1.513333333333333144e+02
1.500000000000000000e+02
1.510000000000000000e+02
1.503333333333333144e+02
1.503333333333333144e+02
1.480000000000000000e+02
1.473333333333333144e+02
1.463333333333333144e+02
1.440000000000000000e+02
1.416666666666666572e+02
1.393333333333333144e+02
1.406666666666666572e+02
1.413333333333333144e+02
1.416666666666666572e+02
1.413333333333333144e+02
1.430000000000000000e+02
1.453333333333333144e+02
1.440000000000000000e+02
1.436666666666666572e+02
1.406666666666666572e+02
1.406666666666666572e+02
1.410000000000000000e+02
1.436666666666666572e+02
1.456666666666666572e+02
1.460000000000000000e+02
1.466666666666666572e+02
1.480000000000000000e+02
1.466666666666666572e+02
1.456666666666666572e+02
1.453333333333333144e+02
1.466666666666666572e+02
1.466666666666666572e+02
1.456666666666666572e+02
1.446666666666666572e+02
1.450000000000000000e+02
1.460000000000000000e+02
1.466666666666666572e+02
1.476666666666666572e+02
1.466666666666666572e+02
1.456666666666666572e+02
1.443333333333333144e+02
1.456666666666666572e+02
1.463333333333333144e+02
1.470000000000000000e+02
1.463333333333333144e+02
1.460000000000000000e+02
1.456666666666666572e+02
1.463333333333333144e+02
1.460000000000000000e+02
1.470000000000000000e+02
1.466666666666666572e+02
1.480000000000000000e+02
1.483333333333333144e+02
1.496666666666666572e+02
1.500000000000000000e+02
1.496666666666666572e+02
1.486666666666666572e+02
1.480000000000000000e+02
1.483333333333333144e+02
1.506666666666666572e+02
1.533333333333333144e+02
1.533333333333333144e+02
1.506666666666666572e+02
1.480000000000000000e+02
1.470000000000000000e+02
1.470000000000000000e+02
1.470000000000000000e+02
1.476666666666666572e+02
1.483333333333333144e+02
1.483333333333333144e+02
1.483333333333333144e+02
1.483333333333333144e+02
1.490000000000000000e+02
1.490000000000000000e+02
1.490000000000000000e+02
1.490000000000000000e+02
1.490000000000000000e+02
1.490000000000000000e+02
1.490000000000000000e+02
1.470000000000000000e+02
1.453333333333333144e+02
1.433333333333333144e+02
1.430000000000000000e+02
1.423333333333333144e+02
1.436666666666666572e+02
1.436666666666666572e+02
1.440000000000000000e+02
1.440000000000000000e+02
1.456666666666666572e+02
1.473333333333333144e+02
1.476666666666666572e+02
1.476666666666666572e+02
1.456666666666666572e+02
1.453333333333333144e+02
1.456666666666666572e+02
1.486666666666666572e+02
1.483333333333333144e+02
1.456666666666666572e+02
1.436666666666666572e+02
1.420000000000000000e+02
1.433333333333333144e+02
1.433333333333333144e+02
1.453333333333333144e+02
1.470000000000000000e+02
1.483333333333333144e+02
1.483333333333333144e+02
1.483333333333333144e+02
1.476666666666666572e+02
1.463333333333333144e+02
1.443333333333333144e+02
1.476666666666666572e+02
1.520000000000000000e+02
1.516666666666666572e+02
1.463333333333333144e+02
1.416666666666666572e+02
1.410000000000000000e+02
1.406666666666666572e+02
1.406666666666666572e+02
1.426666666666666572e+02
1.433333333333333144e+02
1.433333333333333144e+02
1.420000000000000000e+02
1.426666666666666572e+02
1.460000000000000000e+02
1.463333333333333144e+02
1.456666666666666572e+02
1.423333333333333144e+02
1.420000000000000000e+02
1.420000000000000000e+02
1.423333333333333144e+02
1.430000000000000000e+02
1.433333333333333144e+02
1.440000000000000000e+02
1.440000000000000000e+02
1.443333333333333144e+02
1.440000000000000000e+02
1.440000000000000000e+02
1.440000000000000000e+02
1.443333333333333144e+02
1.446666666666666572e+02
1.446666666666666572e+02
1.443333333333333144e+02
1.440000000000000000e+02
1.440000000000000000e+02
1.440000000000000000e+02
1.440000000000000000e+02
1.440000000000000000e+02
1.453333333333333144e+02
1.470000000000000000e+02
1.470000000000000000e+02
1.456666666666666572e+02
1.430000000000000000e+02
1.420000000000000000e+02
1.403333333333333144e+02
1.403333333333333144e+02
1.403333333333333144e+02
1.413333333333333144e+02
1.416666666666666572e+02
1.426666666666666572e+02
1.440000000000000000e+02
1.450000000000000000e+02
1.453333333333333144e+02
1.453333333333333144e+02
1.456666666666666572e+02
1.446666666666666572e+02
1.443333333333333144e+02
1.446666666666666572e+02
1.463333333333333144e+02
1.466666666666666572e+02
1.480000000000000000e+02
1.476666666666666572e+02
1.480000000000000000e+02
1.463333333333333144e+02
1.483333333333333144e+02
1.496666666666666572e+02
1.513333333333333144e+02
1.510000000000000000e+02
1.496666666666666572e+02
1.480000000000000000e+02
1.450000000000000000e+02
1.433333333333333144e+02
1.416666666666666572e+02
1.406666666666666572e+02
1.413333333333333144e+02
1.410000000000000000e+02
1.430000000000000000e+02
1.426666666666666572e+02
1.440000000000000000e+02
1.420000000000000000e+02
1.423333333333333144e+02
1.430000000000000000e+02
1.453333333333333144e+02
1.460000000000000000e+02
1.466666666666666572e+02
1.473333333333333144e+02
1.476666666666666572e+02
1.456666666666666572e+02
1.470000000000000000e+02
1.470000000000000000e+02
1.490000000000000000e+02
1.476666666666666572e+02
1.463333333333333144e+02
1.446666666666666572e+02
1.456666666666666572e+02
1.486666666666666572e+02
1.513333333333333144e+02
1.516666666666666572e+02
1.520000000000000000e+02
1.523333333333333144e+02
1.540000000000000000e+02
1.556666666666666572e+02
1.580000000000000000e+02
1.590000000000000000e+02
1.593333333333333144e+02
1.620000000000000000e+02
1.623333333333333144e+02
1.633333333333333144e+02
1.616666666666666572e+02
1.620000000000000000e+02
1.613333333333333144e+02
1.626666666666666572e+02
1.626666666666666572e+02
1.640000000000000000e+02
1.626666666666666572e+02
1.633333333333333144e+02
1.636666666666666572e+02
1.643333333333333144e+02
1.643333333333333144e+02
1.643333333333333144e+02
1.683333333333333144e+02
1.720000000000000000e+02
1.753333333333333144e+02
1.750000000000000000e+02
1.756666666666666572e+02
1.766666666666666572e+02
1.776666666666666572e+02
1.783333333333333144e+02
1.796666666666666572e+02
1.833333333333333144e+02
1.860000000000000000e+02
1.876666666666666572e+02
1.856666666666666572e+02
1.843333333333333144e+02
1.853333333333333144e+02
1.873333333333333144e+02
1.893333333333333144e+02
1.890000000000000000e+02
1.883333333333333144e+02
1.886666666666666572e+02
1.900000000000000000e+02
1.916666666666666572e+02
1.923333333333333144e+02
1.920000000000000000e+02
1.923333333333333144e+02
1.919999999999999716e+02
1.916666666666666572e+02
1.943333333333333144e+02
1.953333333333333144e+02
1.963333333333333144e+02
1.943333333333333144e+02
1.953333333333333144e+02
1.993333333333333144e+02
2.006666666666666288e+02
2.026666666666666572e+02
2.010000000000000000e+02
2.016666666666666572e+02
2.003333333333333144e+02
1.996666666666666288e+02
1.993333333333333144e+02
2.023333333333333144e+02
2.036666666666666572e+02
2.053333333333333144e+02
2.033333333333333144e+02
2.026666666666666572e+02
2.003333333333333144e+02
1.990000000000000000e+02
1.986666666666666572e+02
1.996666666666666572e+02
2.006666666666666572e+02
2.023333333333333144e+02
2.046666666666666288e+02
2.070000000000000000e+02
2.080000000000000000e+02
2.080000000000000000e+02
2.090000000000000000e+02
2.096666666666666572e+02
2.103333333333333144e+02
2.100000000000000000e+02
2.100000000000000000e+02
2.130000000000000000e+02
2.160000000000000000e+02
2.190000000000000000e+02
2.160000000000000000e+02
2.156666666666666572e+02
2.153333333333333144e+02
2.179999999999999716e+02
2.153333333333333144e+02
2.126666666666666572e+02
2.100000000000000000e+02
2.126666666666666572e+02
2.156666666666666572e+02
2.200000000000000000e+02
2.219999999999999716e+02
2.230000000000000000e+02
2.230000000000000000e+02
2.229999999999999716e+02
2.230000000000000000e+02
2.230000000000000000e+02
2.226666666666666288e+02
2.226666666666666572e+02
2.223333333333333144e+02
2.220000000000000000e+02
2.220000000000000000e+02
2.220000000000000000e+02
2.220000000000000000e+02
2.223333333333333144e+02
2.226666666666666288e+02
2.226666666666666572e+02
2.219999999999999716e+02
2.186666666666666572e+02
2.140000000000000000e+02
2.116666666666666288e+02
2.126666666666666572e+02
2.153333333333333144e+02
2.173333333333333144e+02
2.186666666666666288e+02
2.160000000000000000e+02
2.156666666666666572e+02
2.153333333333333144e+02
2.180000000000000000e+02
2.170000000000000000e+02
2.190000000000000000e+02
2.193333333333333144e+02
2.196666666666666288e+02
2.160000000000000000e+02
2.153333333333333144e+02
2.143333333333333144e+02
2.143333333333333144e+02
2.143333333333333144e+02
2.126666666666666572e+02
2.109999999999999716e+02
2.086666666666666288e+02
2.106666666666666572e+02
2.126666666666666572e+02
2.149999999999999716e+02
2.149999999999999716e+02
2.153333333333333144e+02
2.156666666666666572e+02
2.160000000000000000e+02
2.163333333333333144e+02
2.166666666666666288e+02
2.170000000000000000e+02
2.166666666666666572e+02
2.136666666666666288e+02
2.099999999999999716e+02
2.100000000000000000e+02
2.103333333333333144e+02
2.103333333333333144e+02
2.076666666666666288e+02
2.103333333333333144e+02
2.136666666666666572e+02
2.163333333333333144e+02
2.160000000000000000e+02
2.160000000000000000e+02
2.160000000000000000e+02
2.160000000000000000e+02
2.183333333333333144e+02
2.179999999999999716e+02
2.176666666666666572e+02
2.153333333333333144e+02
2.153333333333333144e+02
2.150000000000000000e+02
2.123333333333333144e+02
2.123333333333333144e+02
2.123333333333333144e+02
2.143333333333333144e+02
2.106666666666666572e+02
2.069999999999999716e+02
2.033333333333333144e+02
2.016666666666666288e+02
2.003333333333333144e+02
2.003333333333333144e+02
2.003333333333333144e+02
2.020000000000000000e+02
2.016666666666666288e+02
2.026666666666666288e+02
2.056666666666666572e+02
2.093333333333333144e+02
2.133333333333333144e+02
2.139999999999999716e+02
2.113333333333333144e+02
2.083333333333333144e+02
2.040000000000000000e+02
2.040000000000000000e+02
2.040000000000000000e+02
2.050000000000000000e+02
2.050000000000000000e+02
2.050000000000000000e+02
2.076666666666666572e+02
2.106666666666666288e+02
2.096666666666666288e+02
2.073333333333333144e+02
2.046666666666666572e+02
2.046666666666666288e+02
2.033333333333333144e+02
2.020000000000000000e+02
2.020000000000000000e+02
2.020000000000000000e+02
2.020000000000000000e+02
2.020000000000000000e+02
2.020000000000000000e+02
2.020000000000000000e+02
2.020000000000000000e+02
2.020000000000000000e+02
2.063333333333333144e+02
2.106666666666666572e+02
2.149999999999999716e+02
2.109999999999999716e+02
2.069999999999999716e+02
2.029999999999999716e+02
2.026666666666666288e+02
2.026666666666666572e+02
2.023333333333333144e+02
2.023333333333333144e+02
2.006666666666666572e+02
1.993333333333333144e+02
1.993333333333333144e+02
2.003333333333333144e+02
2.013333333333333144e+02
2.010000000000000000e+02
2.010000000000000000e+02
2.013333333333333144e+02
2.016666666666666288e+02
2.020000000000000000e+02
2.020000000000000000e+02
2.016666666666666572e+02
2.013333333333333144e+02
2.010000000000000000e+02
2.010000000000000000e+02
2.010000000000000000e+02
2.010000000000000000e+02
2.010000000000000000e+02
2.010000000000000000e+02
2.010000000000000000e+02
2.013333333333333144e+02
2.019999999999999716e+02
2.023333333333333144e+02
2.023333333333333144e+02
2.023333333333333144e+02
2.026666666666666572e+02
2.013333333333333144e+02
1.996666666666666572e+02
1.990000000000000000e+02
1.990000000000000000e+02
2.000000000000000000e+02
2.000000000000000000e+02
2.010000000000000000e+02
2.010000000000000000e+02
2.013333333333333144e+02
2.013333333333333144e+02
2.013333333333333144e+02
2.010000000000000000e+02
2.010000000000000000e+02
2.010000000000000000e+02
2.010000000000000000e+02
2.010000000000000000e+02
2.010000000000000000e+02
2.010000000000000000e+02
2.010000000000000000e+02
2.033333333333333144e+02
2.056666666666666288e+02
2.080000000000000000e+02
2.100000000000000000e+02
2.123333333333333144e+02
2.143333333333333144e+02
2.146666666666666572e+02
2.146666666666666572e+02
2.149999999999999716e+02
2.149999999999999716e+02
2.149999999999999716e+02
2.093333333333333144e+02
2.093333333333333144e+02
2.093333333333333144e+02
2.126666666666666288e+02
2.096666666666666572e+02
2.053333333333333144e+02
2.033333333333333144e+02
2.053333333333333144e+02
2.046666666666666572e+02
2.056666666666666288e+02
2.020000000000000000e+02
2.063333333333333144e+02
2.090000000000000000e+02
2.133333333333333144e+02
2.136666666666666288e+02
2.140000000000000000e+02
2.133333333333333144e+02
2.133333333333333144e+02
2.130000000000000000e+02
2.136666666666666288e+02
2.133333333333333144e+02
2.136666666666666288e+02
2.093333333333333144e+02
2.096666666666666288e+02
2.093333333333333144e+02
2.136666666666666288e+02
2.129999999999999716e+02
2.133333333333333144e+02
2.133333333333333144e+02
2.140000000000000000e+02
2.140000000000000000e+02
2.140000000000000000e+02
2.136666666666666572e+02
2.133333333333333144e+02
2.133333333333333144e+02
2.136666666666666288e+02
2.136666666666666572e+02
2.133333333333333144e+02
2.130000000000000000e+02
2.130000000000000000e+02
2.130000000000000000e+02
2.126666666666666572e+02
2.130000000000000000e+02
2.110000000000000000e+02
2.116666666666666288e+02
2.093333333333333144e+02
2.116666666666666288e+02
2.119999999999999716e+02
2.140000000000000000e+02
2.140000000000000000e+02
2.136666666666666288e+02
2.140000000000000000e+02
2.140000000000000000e+02
2.140000000000000000e+02
2.140000000000000000e+02
2.140000000000000000e+02
2.140000000000000000e+02
2.140000000000000000e+02
2.140000000000000000e+02
2.100000000000000000e+02
2.096666666666666572e+02
2.093333333333333144e+02
2.093333333333333144e+02
2.099999999999999716e+02
2.106666666666666572e+02
2.146666666666666288e+02
2.143333333333333144e+02
2.143333333333333144e+02
2.110000000000000000e+02
2.113333333333333144e+02
2.110000000000000000e+02
2.146666666666666572e+02
2.103333333333333144e+02
2.110000000000000000e+02
2.089999999999999716e+02
2.113333333333333144e+02
2.116666666666666288e+02
2.136666666666666572e+02
2.116666666666666572e+02
2.113333333333333144e+02
2.110000000000000000e+02
2.146666666666666288e+02
2.096666666666666572e+02
2.056666666666666288e+02
2.059999999999999716e+02
2.056666666666666572e+02
2.049999999999999716e+02
2.003333333333333144e+02
2.003333333333333144e+02
2.000000000000000000e+02
2.000000000000000000e+02
2.003333333333333144e+02
2.006666666666666572e+02
2.036666666666666572e+02
2.066666666666666572e+02
2.100000000000000000e+02
2.110000000000000000e+02
2.120000000000000000e+02
2.130000000000000000e+02
2.130000000000000000e+02
2.130000000000000000e+02
2.130000000000000000e+02
2.126666666666666572e+02
2.126666666666666572e+02
2.120000000000000000e+02
2.116666666666666288e+02
2.113333333333333144e+02
2.110000000000000000e+02
2.103333333333333144e+02
2.070000000000000000e+02
2.070000000000000000e+02
2.046666666666666288e+02
2.066666666666666288e+02
2.056666666666666572e+02
2.073333333333333144e+02
2.046666666666666572e+02
2.040000000000000000e+02
2.036666666666666572e+02
2.006666666666666572e+02
1.966666666666666288e+02
1.920000000000000000e+02
1.923333333333333144e+02
1.960000000000000000e+02
1.993333333333333144e+02
1.989999999999999716e+02
1.993333333333333144e+02
1.956666666666666572e+02
1.960000000000000000e+02
1.960000000000000000e+02
1.966666666666666288e+02
2.000000000000000000e+02
1.973333333333333144e+02
2.003333333333333144e+02
1.980000000000000000e+02
2.016666666666666288e+02
2.013333333333333144e+02
2.016666666666666288e+02
1.969999999999999716e+02
1.953333333333333144e+02
1.953333333333333144e+02
1.970000000000000000e+02
1.973333333333333144e+02
2.000000000000000000e+02
1.986666666666666572e+02
1.980000000000000000e+02
1.950000000000000000e+02
1.970000000000000000e+02
1.990000000000000000e+02
2.006666666666666572e+02
1.990000000000000000e+02
1.973333333333333144e+02
1.960000000000000000e+02
1.960000000000000000e+02
1.966666666666666572e+02
1.969999999999999716e+02
1.986666666666666572e+02
1.983333333333333144e+02
1.983333333333333144e+02
1.969999999999999716e+02
1.986666666666666288e+02
1.993333333333333144e+02
1.996666666666666572e+02
2.003333333333333144e+02
2.003333333333333144e+02
2.006666666666666288e+02
2.033333333333333144e+02
2.036666666666666572e+02
2.043333333333333144e+02
2.006666666666666572e+02
2.006666666666666572e+02
2.026666666666666572e+02
2.060000000000000000e+02
2.089999999999999716e+02
2.096666666666666572e+02
2.113333333333333144e+02
2.116666666666666572e+02
2.120000000000000000e+02
2.100000000000000000e+02
2.100000000000000000e+02
2.100000000000000000e+02
2.106666666666666572e+02
2.110000000000000000e+02
2.113333333333333144e+02
2.110000000000000000e+02
2.110000000000000000e+02
2.110000000000000000e+02
2.110000000000000000e+02
2.126666666666666572e+02
2.143333333333333144e+02
2.143333333333333144e+02
2.103333333333333144e+02
2.063333333333333144e+02
2.060000000000000000e+02
2.080000000000000000e+02
2.103333333333333144e+02
2.106666666666666288e+02
2.106666666666666572e+02
2.103333333333333144e+02
2.103333333333333144e+02
2.106666666666666288e+02
2.110000000000000000e+02
2.110000000000000000e+02
2.113333333333333144e+02
2.123333333333333144e+02
2.133333333333333144e+02
2.140000000000000000e+02
2.140000000000000000e+02
2.140000000000000000e+02
2.143333333333333144e+02
2.156666666666666572e+02
2.159999999999999716e+02
2.159999999999999716e+02
2.146666666666666288e+02
2.143333333333333144e+02
2.136666666666666572e+02
2.129999999999999716e+02
2.123333333333333144e+02
2.119999999999999716e+02
2.119999999999999716e+02
2.123333333333333144e+02
2.123333333333333144e+02
2.120000000000000000e+02
2.106666666666666572e+02
2.086666666666666572e+02
2.076666666666666288e+02
2.073333333333333144e+02
2.080000000000000000e+02
2.070000000000000000e+02
2.060000000000000000e+02
2.056666666666666572e+02
2.066666666666666288e+02
2.076666666666666288e+02
2.080000000000000000e+02
2.080000000000000000e+02
2.070000000000000000e+02
2.060000000000000000e+02
2.056666666666666572e+02
2.063333333333333144e+02
2.066666666666666572e+02
2.066666666666666572e+02
2.063333333333333144e+02
2.063333333333333144e+02
2.059999999999999716e+02
2.059999999999999716e+02
2.056666666666666288e+02
2.056666666666666572e+02
2.063333333333333144e+02
2.076666666666666572e+02
2.093333333333333144e+02
2.103333333333333144e+02
2.106666666666666572e+02
2.096666666666666288e+02
2.083333333333333144e+02
2.063333333333333144e+02
2.050000000000000000e+02
2.040000000000000000e+02
2.040000000000000000e+02
2.040000000000000000e+02
2.110000000000000000e+02
2.110000000000000000e+02
2.116666666666666572e+02
2.053333333333333144e+02
2.059999999999999716e+02
2.066666666666666288e+02
2.056666666666666572e+02
2.073333333333333144e+02
2.043333333333333144e+02
2.013333333333333144e+02
2.016666666666666572e+02
2.016666666666666288e+02
2.106666666666666572e+02
2.070000000000000000e+02
2.136666666666666572e+02
2.133333333333333144e+02
2.196666666666666288e+02
2.186666666666666572e+02
2.106666666666666288e+02
2.083333333333333144e+02
2.016666666666666288e+02
2.023333333333333144e+02
1.983333333333333144e+02
1.996666666666666572e+02
1.993333333333333144e+02
1.979999999999999716e+02
1.979999999999999716e+02
1.989999999999999716e+02
1.986666666666666288e+02
1.973333333333333144e+02
1.950000000000000000e+02
1.960000000000000000e+02
1.973333333333333144e+02
1.990000000000000000e+02
1.980000000000000000e+02
1.989999999999999716e+02
2.003333333333333144e+02
2.026666666666666572e+02
2.076666666666666572e+02
2.133333333333333144e+02
2.186666666666666572e+02
2.193333333333333144e+02
2.196666666666666288e+02
2.196666666666666572e+02
2.199999999999999716e+02
2.196666666666666572e+02
2.203333333333333144e+02
2.203333333333333144e+02
2.209999999999999716e+02
2.146666666666666288e+02
2.146666666666666572e+02
2.146666666666666572e+02
2.149999999999999716e+02
2.156666666666666288e+02
2.100000000000000000e+02
2.166666666666666288e+02
2.116666666666666288e+02
2.186666666666666572e+02
2.129999999999999716e+02
2.100000000000000000e+02
2.013333333333333144e+02
1.990000000000000000e+02
1.993333333333333144e+02
1.996666666666666572e+02
2.003333333333333144e+02
2.010000000000000000e+02
2.016666666666666288e+02
2.020000000000000000e+02
2.026666666666666572e+02
2.036666666666666288e+02
2.049999999999999716e+02
2.060000000000000000e+02
2.056666666666666572e+02
2.046666666666666572e+02
2.056666666666666572e+02
2.073333333333333144e+02
2.080000000000000000e+02
2.060000000000000000e+02
2.049999999999999716e+02
2.053333333333333144e+02
2.063333333333333144e+02
2.066666666666666572e+02
2.070000000000000000e+02
2.070000000000000000e+02
2.070000000000000000e+02
2.070000000000000000e+02
2.073333333333333144e+02
2.076666666666666288e+02
2.080000000000000000e+02
2.080000000000000000e+02
2.090000000000000000e+02
2.100000000000000000e+02
2.100000000000000000e+02
2.096666666666666572e+02
2.093333333333333144e+02
2.096666666666666572e+02
2.090000000000000000e+02
2.083333333333333144e+02
2.080000000000000000e+02
2.073333333333333144e+02
2.060000000000000000e+02
2.043333333333333144e+02
2.040000000000000000e+02
2.023333333333333144e+02
2.006666666666666572e+02
1.983333333333333144e+02
1.996666666666666572e+02
2.000000000000000000e+02
1.996666666666666572e+02
1.986666666666666572e+02
1.976666666666666288e+02
1.963333333333333144e+02
1.940000000000000000e+02
1.933333333333333144e+02
1.933333333333333144e+02
1.926666666666666572e+02
1.910000000000000000e+02
1.896666666666666572e+02
1.886666666666666572e+02
1.876666666666666572e+02
1.870000000000000000e+02
1.853333333333333144e+02
1.846666666666666572e+02
1.840000000000000000e+02
1.843333333333333144e+02
1.850000000000000000e+02
1.860000000000000000e+02
1.876666666666666572e+02
1.900000000000000000e+02
1.913333333333333144e+02
1.919999999999999716e+02
1.916666666666666572e+02
1.916666666666666572e+02
1.923333333333333144e+02
1.926666666666666288e+02
1.930000000000000000e+02
1.930000000000000000e+02
1.930000000000000000e+02
1.930000000000000000e+02
1.930000000000000000e+02
1.930000000000000000e+02
1.926666666666666572e+02
1.923333333333333144e+02
1.920000000000000000e+02
1.920000000000000000e+02
1.916666666666666572e+02
1.916666666666666572e+02
1.913333333333333144e+02
1.913333333333333144e+02
1.906666666666666572e+02
1.900000000000000000e+02
1.933333333333333144e+02
1.926666666666666572e+02
1.913333333333333144e+02
1.856666666666666572e+02
1.843333333333333144e+02
1.840000000000000000e+02
1.840000000000000000e+02
1.836666666666666572e+02
1.833333333333333144e+02
1.826666666666666572e+02
1.826666666666666572e+02
1.823333333333333144e+02
1.826666666666666572e+02
1.820000000000000000e+02
1.816666666666666572e+02
1.816666666666666572e+02
1.803333333333333144e+02
1.756666666666666572e+02
1.703333333333333144e+02
1.703333333333333144e+02
1.733333333333333144e+02
1.766666666666666572e+02
1.766666666666666572e+02
1.770000000000000000e+02
1.760000000000000000e+02
1.746666666666666572e+02
1.733333333333333144e+02
1.730000000000000000e+02
1.733333333333333144e+02
1.730000000000000000e+02
1.730000000000000000e+02
1.726666666666666572e+02
1.726666666666666572e+02
1.720000000000000000e+02
1.710000000000000000e+02
1.706666666666666572e+02
1.700000000000000000e+02
1.696666666666666572e+02
1.676666666666666572e+02
1.680000000000000000e+02
1.666666666666666572e+02
1.640000000000000000e+02
1.626666666666666572e+02
1.626666666666666572e+02
1.653333333333333144e+02
1.650000000000000000e+02
1.650000000000000000e+02
1.650000000000000000e+02
1.670000000000000000e+02
1.670000000000000000e+02
1.670000000000000000e+02
1.623333333333333144e+02
1.600000000000000000e+02
1.600000000000000000e+02
1.613333333333333144e+02
1.703333333333333144e+02
1.763333333333333144e+02
1.803333333333333144e+02
1.770000000000000000e+02
1.750000000000000000e+02
1.803333333333333144e+02
1.840000000000000000e+02
1.833333333333333144e+02
1.790000000000000000e+02
1.800000000000000000e+02
1.810000000000000000e+02
1.836666666666666572e+02
1.836666666666666572e+02
1.860000000000000000e+02
1.870000000000000000e+02
1.886666666666666572e+02
1.926666666666666288e+02
2.019999999999999716e+02
2.096666666666666288e+02
2.170000000000000000e+02
2.186666666666666288e+02
2.209999999999999716e+02
2.226666666666666572e+02
2.243333333333333144e+02
2.243333333333333144e+02
2.260000000000000000e+02
2.276666666666666572e+02
2.296666666666666572e+02
2.296666666666666288e+02
2.300000000000000000e+02
2.299999999999999716e+02
2.306666666666666572e+02
2.306666666666666572e+02
2.296666666666666572e+02
2.293333333333333144e+02
2.283333333333333144e+02
2.286666666666666572e+02
2.290000000000000000e+02
2.286666666666666572e+02
2.283333333333333144e+02
2.269999999999999716e+02
2.269999999999999716e+02
2.279999999999999716e+02
2.279999999999999716e+02
2.279999999999999716e+02
2.269999999999999716e+02
2.269999999999999716e+02
2.269999999999999716e+02
2.269999999999999716e+02
2.276666666666666288e+02
2.286666666666666572e+02
2.293333333333333144e+02
2.296666666666666572e+02
2.296666666666666572e+02
2.296666666666666288e+02
2.300000000000000000e+02
2.303333333333333144e+02
2.293333333333333144e+02
2.283333333333333144e+02
2.283333333333333144e+02
2.283333333333333144e+02
2.283333333333333144e+02
2.273333333333333144e+02
2.273333333333333144e+02
2.283333333333333144e+02
2.293333333333333144e+02
2.296666666666666572e+02
2.283333333333333144e+02
2.273333333333333144e+02
2.283333333333333144e+02
2.290000000000000000e+02
2.293333333333333144e+02
2.283333333333333144e+02
2.273333333333333144e+02
2.256666666666666572e+02
2.240000000000000000e+02
2.230000000000000000e+02
2.223333333333333144e+02
2.233333333333333144e+02
2.233333333333333144e+02
2.246666666666666288e+02
2.260000000000000000e+02
2.283333333333333144e+02
2.286666666666666572e+02
2.286666666666666288e+02
2.273333333333333144e+02
2.276666666666666572e+02
2.246666666666666288e+02
2.233333333333333144e+02
2.159999999999999716e+02
2.106666666666666572e+02
2.046666666666666572e+02
2.073333333333333144e+02
2.063333333333333144e+02
2.096666666666666288e+02
2.059999999999999716e+02
2.070000000000000000e+02
2.036666666666666572e+02
2.060000000000000000e+02
2.063333333333333144e+02
2.019999999999999716e+02
1.973333333333333144e+02
1.943333333333333144e+02
1.960000000000000000e+02
1.960000000000000000e+02
1.960000000000000000e+02
1.953333333333333144e+02
1.996666666666666572e+02
2.003333333333333144e+02
2.066666666666666572e+02
2.083333333333333144e+02
2.133333333333333144e+02
2.109999999999999716e+02
2.060000000000000000e+02
2.003333333333333144e+02
